positive/orange1.png 1 25 53 1130 932
positive/orange10.png 1 38 33 1113 960
positive/orange2.jpg 5 238 349 458 507 1019 362 579 556 558 513 543 487 623 206 522 416 1062 89 497 370
positive/orange3.jpg 5 791 463 363 248 4 394 306 320 80 30 352 311 732 10 304 290 396 0 345 239
positive/orange4.jpg 2 428 220 593 772 53 3 906 816
positive/orange5.jpg 0
positive/orange6.jpg 0
positive/orange7.jpg 0
positive/orange8.jpg 1 86 73 1762 910
positive/orange9.jpeg 0
positive/orange_1.jpg 9 181 27 134 132 414 109 146 144 322 233 148 104 160 186 132 143 73 116 160 163 247 107 138 163 286 2 145 133 448 46 131 112 79 47 135 109
positive/orange_10.jpg 3 110 32 146 124 47 7 121 113 137 6 141 131
positive/orange_11.jpg 1 3 5 656 679
positive/orange_12.jpg 1 57 2 529 328
positive/orange_13.jpg 1 17 3 245 235
positive/orange_14.jpg 1 23 14 261 262
positive/orange_15.jpg 7 156 80 254 255 394 37 201 267 290 277 275 120 95 291 212 102 4 164 123 229 25 2 226 194 370 3 225 124
positive/orange_16.jpg 1 8 43 422 369
positive/orange_17.jpg 4 117 303 384 324 383 355 416 337 665 260 282 349 352 84 421 305
positive/orange_18.jpg 2 119 139 298 280 17 6 258 274
positive/orange_19.jpg 4 57 113 202 253 259 87 214 262 140 4 201 172 2 3 144 152
positive/orange_2.jpg 3 78 114 248 296 189 165 269 292 357 138 242 268
positive/orange_20.jpg 1 28 24 1179 971
positive/orange_21.jpg 3 598 130 426 408 1087 197 380 441 1028 608 436 298
positive/orange_22.jpg 2 485 87 390 366 71 94 466 355
positive/orange_23.jpg 1 60 65 227 160
positive/orange_24.jpg 5 401 383 266 308 632 446 314 302 600 325 271 218 580 72 295 253 386 239 276 247
positive/orange_25.jpg 1 17 7 155 166
positive/orange_26.jpg 3 36 121 189 218 175 236 197 122 169 92 232 174
positive/orange_27.jpg 3 39 41 179 173 169 35 141 179 234 15 134 135
positive/orange_28.jpg 1 21 18 279 280
positive/orange_29.jpg 4 75 65 346 370 603 234 323 277 280 146 349 399 422 27 350 271
positive/orange_3.jpg 5 97 109 130 130 2 65 123 135 90 2 130 115 1 1 104 76 23 199 133 50
positive/orange_30.jpg 1 24 20 598 602
positive/orange_31.jpg 4 82 114 557 379 683 69 559 541 661 715 586 283 61 599 557 386
positive/orange_32.jpg 2 32 72 216 214 194 25 199 235
positive/orange_33.jpg 2 57 25 455 474 470 58 443 448
positive/orange_34.jpg 2 403 283 590 637 972 375 588 581
positive/orange_35.jpg 1 3 9 294 284
positive/orange_36.jpg 4 171 145 637 616 112 485 733 510 723 781 635 218 741 211 678 705
positive/orange_37.jpg 1 24 10 567 463
positive/orange_38.jpg 3 51 180 283 280 128 153 360 260 14 43 324 321
positive/orange_4.jpg 1 93 51 461 467
positive/orange_40.jpg 1 238 162 447 432
positive/orange_41.jpg 1 372 348 522 410
positive/orange_42.jpg 0
positive/orange_43.jpg 2 27 131 88 89 107 116 119 107
positive/orange_44.jpg 1 135 107 104 120
positive/orange_46.jpg 1 43 35 219 236
positive/orange_47.jpg 2 36 29 255 270 201 97 188 221
positive/orange_48.jpg 3 90 50 97 112 5 70 106 89 30 8 93 88
positive/orange_49.jpg 2 204 122 787 772 616 535 554 449
positive/orange_5.jpg 2 56 86 220 243 215 71 200 252
positive/orange_50.jpg 3 57 97 222 284 226 223 257 183 277 37 232 266
positive/orange_51.jpg 2 29 32 318 331 260 25 329 345
positive/orange_52.jpg 2 222 171 182 193 344 137 149 211
positive/orange_53.jpg 1 325 264 380 396
positive/orange_54.jpg 3 30 168 302 288 4 24 342 321 111 125 383 267
positive/orange_55.jpg 1 10 127 512 485
positive/orange_56.jpg 4 186 415 815 502 548 484 566 511 5 52 685 740 595 10 676 714
positive/orange_57.jpg 3 56 279 236 227 94 30 257 224 258 373 208 190
positive/orange_58.jpg 3 34 1 311 287 264 166 300 152 270 3 243 224
positive/orange_59.jpg 3 18 86 188 186 33 192 195 177 137 139 223 200
positive/orange_6.jpg 1 62 8 202 190
positive/orange_60.jpg 0
positive/orange_61.jpg 2 95 192 897 802 472 654 801 340
positive/orange_62.jpg 2 50 28 252 312 353 7 317 322
positive/orange_63.jpg 0
positive/orange_64.jpg 2 61 120 295 280 159 339 197 130
positive/orange_67.jpg 1 177 44 282 247
positive/orange_68.jpg 1 140 20 460 448
positive/orange_69.jpg 6 537 361 297 250 737 260 254 266 541 215 226 209 299 241 203 222 27 258 278 222 176 362 259 202
positive/orange_7.jpg 2 52 51 560 530 621 53 543 530
positive/orange_70.jpg 3 54 41 344 351 134 179 359 339 377 85 332 385
positive/orange_71.jpg 1 118 198 785 741
positive/orange_72.jpg 1 57 38 331 335
positive/orange_73.jpg 1 155 32 720 709
positive/orange_74.jpg 3 11 10 285 252 249 40 244 282 55 187 288 183
positive/orange_75.jpg 1 91 21 456 511
positive/orange_76.jpg 3 98 262 892 736 641 4 810 696 833 652 783 343
positive/orange_8.jpg 3 184 149 241 237 39 77 223 253 289 66 254 252
positive/orange_9.jpg 3 47 210 278 182 219 105 255 253 30 98 239 183